-0.100000
-0.095998
-0.091995
-0.087993
-0.083991
-0.079988
-0.075986
-0.071984
-0.067981
-0.063979
-0.059977
-0.055975
-0.051972
-0.047970
-0.043968
-0.039965
-0.035963
-0.031961
-0.027958
-0.023956
-0.019954
-0.015951
-0.011949
-0.007947
-0.003944
0.000058
0.004060
0.008062
0.012065
0.016067
0.020069
0.024072
0.028074
0.032076
0.036079
0.040081
0.044083
0.048086
0.052088
0.056090
0.060093
0.064095
0.068097
0.072100
0.076102
0.080104
0.084106
0.088109
0.092111
0.096113
0.092111
0.088109
0.084106
0.080104
0.076102
0.072100
0.068097
0.064095
0.060093
0.056090
0.052088
0.048086
0.044083
0.040081
0.036079
0.032076
0.028074
0.024072
0.020069
0.016067
0.012065
0.008062
0.004060
0.000058
-0.003944
-0.007947
-0.011949
-0.015951
-0.019954
-0.023956
-0.027958
-0.031961
-0.035963
-0.039965
-0.043968
-0.047970
-0.051972
-0.055975
-0.059977
-0.063979
-0.067981
-0.071984
-0.075986
-0.079988
-0.083991
-0.087993
-0.091995
-0.095998
-0.100000
-0.104002
-0.108005