1111111111111100110011010
1111111111111100111011011
1111111111111101000011101
1111111111111101001011110
1111111111111101010100000
1111111111111101011100001
1111111111111101100100011
1111111111111101101100101
1111111111111101110100110
1111111111111101111101000
1111111111111110000101001
1111111111111110001101011
1111111111111110010101100
1111111111111110011101110
1111111111111110100110000
1111111111111110101110001
1111111111111110110110011
1111111111111110111110100
1111111111111111000110110
1111111111111111001111000
1111111111111111010111001
1111111111111111011111011
1111111111111111100111100
1111111111111111101111110
1111111111111111110111111
0000000000000000000000001
0000000000000000001000011
0000000000000000010000100
0000000000000000011000110
0000000000000000100000111
0000000000000000101001001
0000000000000000110001010
0000000000000000111001100
0000000000000001000001110
0000000000000001001001111
0000000000000001010010001
0000000000000001011010010
0000000000000001100010100
0000000000000001101010101
0000000000000001110010111
0000000000000001111011001
0000000000000010000011010
0000000000000010001011100
0000000000000010010011101
0000000000000010011011111
0000000000000010100100000
0000000000000010101100010
0000000000000010110100100
0000000000000010111100101
0000000000000011000100111
0000000000000010111100101
0000000000000010110100100
0000000000000010101100010
0000000000000010100100000
0000000000000010011011111
0000000000000010010011101
0000000000000010001011100
0000000000000010000011010
0000000000000001111011001
0000000000000001110010111
0000000000000001101010101
0000000000000001100010100
0000000000000001011010010
0000000000000001010010001
0000000000000001001001111
0000000000000001000001110
0000000000000000111001100
0000000000000000110001010
0000000000000000101001001
0000000000000000100000111
0000000000000000011000110
0000000000000000010000100
0000000000000000001000011
0000000000000000000000001
1111111111111111110111111
1111111111111111101111110
1111111111111111100111100
1111111111111111011111011
1111111111111111010111001
1111111111111111001111000
1111111111111111000110110
1111111111111110111110100
1111111111111110110110011
1111111111111110101110001
1111111111111110100110000
1111111111111110011101110
1111111111111110010101100
1111111111111110001101011
1111111111111110000101001
1111111111111101111101000
1111111111111101110100110
1111111111111101101100101
1111111111111101100100011
1111111111111101011100001
1111111111111101010100000
1111111111111101001011110
1111111111111101000011101
1111111111111100111011011
1111111111111100110011010
1111111111111100101011000
